001 10:00:01 40.000000 78 36.804665 10.181531 0
003 10:00:23 40.000000 75 36.806499 10.181530 0
005 10:01:30 37.900002 122 36.806484 10.181531 0
005 10:01:30 37.900002 122 36.806484 10.181531 1
008 10:01:45 37.599998 79 36.806499 10.181530 0
012 10:01:55 40.000000 76 36.806499 10.181530 0
009 13:00:01 38.099998 67 36.816495 10.181532 0
009 13:00:01 38.099998 67 36.816495 10.181532 1
001 13:00:04 37.599998 79 36.806585 10.181732 0
004 13:00:07 38.500000 77 36.806485 10.182532 0
007 13:00:19 37.900002 98 36.806095 10.181502 0
008 13:00:20 40.000000 89 36.806395 10.181832 0
003 16:00:01 40.000000 78 36.807495 10.181522 0
002 16:00:05 38.200001 69 36.805295 10.181532 0
002 16:00:05 38.200001 69 36.805295 10.181532 1
005 16:00:11 39.900002 123 36.806495 10.181532 0
005 16:00:11 39.900002 123 36.806495 10.181532 1
012 16:01:16 40.099998 91 36.807485 10.182532 0
