001 10:00:01 40 78 36.804665 10.181531
011 10:00:02 37.2 80 36.806489 10.180532
002 10:00:02 37.2 79 36.806489 10.180532
009 10:00:20 37.2 79 36.806475 10.181632
003 10:00:23 40 75 36.806499 10.181530
004 10:00:30 37.5 86 36.807495 10.181522
007 10:01:00 37.5 78 36.806489 10.180532
010 10:01:03 10.1 18 100.10 10.10
005 10:01:30 37.9 122 36.806484 10.181531
006 10:01:32 37.3 100 36.806785 10.182532
008 10:01:45 37.6 79 36.806499 10.181530
012 10:01:55 40 76 36.806499 10.181530
009 13:00:01 38.1 67 36.816495 10.181532
001 13:00:04 37.6 79 36.806585 10.181732
003 13:00:06 37.5 89 36.805485 10.181532
004 13:00:07 38.5 77 36.806485 10.182532
005 13:00:10 37.1 79 36.806985 10.181532
002 13:00:12 37.4 80 36.806405 10.181532
012 13:00:15 37.4 89 36.805485 10.181532
007 13:00:19 37.9 98 36.806095 10.181502
008 13:00:20 40 89 36.806395 10.181832
010 13:00:22 10.1 18 100.10 10.10
011 13:00:23 37.5 80 36.806405 10.181532
001 16:00:00 37.4 81 36.806495 10.182592
003 16:00:01 40 78 36.807495 10.181522
002 16:00:05 38.2 69 36.805295 10.181532
009 16:00:08 37.4 99 36.806395 10.181832
004 16:00:09 37.2 81 36.806495 10.191532
011 16:00:10 36.9 79 36.806485 10.181532
005 16:00:11 39.9 123 36.806495 10.181532
007 16:00:13 37.3 91 36.807485 10.182532
008 16:01:00 37.4 87 36.806499 10.181530
010 16:01:12 10.1 18 100.10 10.10
012 16:01:16 40.1 91 36.807485 10.182532
